20190605 140000 20190602 140000
20190606 230000 20190603 230000
20190609 130000 20190606 130000
20190610 010000 20190607 010000
20190613 190000 20190610 190000
20190617 120000 20190614 120000
20190618 180000 20190615 180000
20190619 190000 20190616 190000
20190621 010000 20190618 010000
20190621 120000 20190618 120000
20190622 130000 20190619 130000
20190624 010000 20190621 010000
20190625 220000 20190622 220000
20190626 160000 20190623 160000
20190627 230000 20190624 230000
20190628 120000 20190625 120000
20190629 210000 20190626 210000
20190701 150000 20190628 150000
20190702 180000 20190629 180000
20190703 170000 20190630 170000
20190704 140000 20190701 140000
20190705 180000 20190702 180000
20190706 190000 20190703 190000
20190707 120000 20190704 120000
20190708 150000 20190705 150000
20190709 120000 20190706 120000
20190712 030000 20190709 030000
20190713 210000 20190710 210000
20190715 040000 20190712 040000
20190715 210000 20190712 210000
20190716 220000 20190713 220000
20190717 220000 20190714 220000
20190718 220000 20190715 220000
20190720 140000 20190717 140000
20190721 180000 20190718 180000
20190722 140000 20190719 140000
20190723 160000 20190720 160000
20190725 160000 20190722 160000
20190726 140000 20190723 140000
20190727 120000 20190724 120000
20190728 080000 20190725 080000
20190729 090000 20190726 090000
20190730 110000 20190727 110000
20190730 230000 20190727 230000
20190731 160000 20190728 160000
20190801 160000 20190729 160000
20190802 190000 20190730 190000
20190803 160000 20190731 160000
20190804 190000 20190801 190000
20190805 200000 20190802 200000
20190806 090000 20190803 090000
20190806 170000 20190803 170000
20190807 210000 20190804 210000
20190808 130000 20190805 130000
20190809 080000 20190806 080000
20190809 180000 20190806 180000
20190810 100000 20190807 100000
20190810 190000 20190807 190000
20190811 180000 20190808 180000
20190812 140000 20190809 140000
20190813 170000 20190810 170000
20190814 160000 20190811 160000
20190815 130000 20190812 130000
20190816 150000 20190813 150000
20190817 070000 20190814 070000
20190817 170000 20190814 170000
20190818 110000 20190815 110000
20190819 080000 20190816 080000
20190820 210000 20190817 210000
20190821 080000 20190818 080000
20190821 170000 20190818 170000
20190822 130000 20190819 130000
20190823 200000 20190820 200000
20190824 170000 20190821 170000
20190825 170000 20190822 170000
20190826 120000 20190823 120000
20190828 170000 20190825 170000
20190830 220000 20190827 220000
20190831 230000 20190828 230000
20190902 150000 20190830 150000
20190903 190000 20190831 190000
20190904 220000 20190901 220000
20190905 200000 20190902 200000
20190906 100000 20190903 100000
20190909 210000 20190906 210000
20190910 130000 20190907 130000
20190911 140000 20190908 140000
20190912 120000 20190909 120000
20190914 140000 20190911 140000
20190915 000000 20190912 000000
20190915 190000 20190912 190000
20190916 130000 20190913 130000
20190918 020000 20190915 020000
20190921 120000 20190918 120000
20190922 180000 20190919 180000
20190924 000000 20190921 000000
20190924 180000 20190921 180000
20190925 100000 20190922 100000
20190926 190000 20190923 190000
20190927 120000 20190924 120000
20190928 050000 20190925 050000
20190929 000000 20190926 000000
20190930 170000 20190927 170000
20191001 140000 20190928 140000
20191006 180000 20191003 180000
20191007 160000 20191004 160000
20191008 130000 20191005 130000
20191011 160000 20191008 160000
20191020 070000 20191017 070000
20191020 180000 20191017 180000
20191023 180000 20191020 180000
20191030 190000 20191027 190000
20191104 140000 20191101 140000
20191202 130000 20191129 130000
20191213 170000 20191210 170000
20200102 080000 20191230 080000
20200103 130000 20191231 130000
20200104 120000 20200101 120000
20200107 170000 20200104 170000
20200116 160000 20200113 160000
20200119 110000 20200116 110000
20200126 120000 20200123 120000
20200221 140000 20200218 140000
20200225 020000 20200222 020000
20200225 220000 20200222 220000
20200226 120000 20200223 120000
20200301 100000 20200227 100000
20200304 110000 20200301 110000
20200305 100000 20200302 100000
20200305 190000 20200302 190000
20200306 120000 20200303 120000
20200307 080000 20200304 080000
20200313 090000 20200310 090000
20200314 080000 20200311 080000
20200315 110000 20200312 110000
20200319 140000 20200316 140000
20200322 220000 20200319 220000
20200327 180000 20200324 180000
